CPU starts game. assertive==defensine ==1
( 7, 7 )
( 6, 8 )
( 6, 6 )
( 8, 8 )
( 7, 8 )
( 7, 9 )
( 7, 5 )
( 5, 7 )
( 4, 6 )
( 7, 6 )
( 8, 10 )
( 8, 5 )
( 5, 6 )
( 6, 7 )
( 5, 8 )
( 6, 10 )
( 9, 7 )
( 8, 6 )
( 8, 7 )
( 6, 9 )
( 6, 11 )
( 9, 6 )
( 10, 7 )
( 11, 7 )
( 3, 6 )
( 2, 6 )
( 4, 7 )
( 5, 9 )
( 4, 9 )
( 10, 3 )
( 9, 4 )
( 11, 6 )
( 10, 6 )
( 5, 11 )
( 4, 12 )
( 4, 10 )
( 2, 5 )
( 1, 4 )
( 4, 5 )
( 4, 8 )
( 7, 11 )  !prawdopodobnie zly log. patrz screen
